Matrix Test
  Identity Matrix
1.000 0.000 0.000 0.000
0.000 1.000 0.000 0.000
0.000 0.000 1.000 0.000
0.000 0.000 0.000 1.000
  Scaling Matrix
10.000 0.000 0.000 0.000
0.000 10.000 0.000 0.000
0.000 0.000 10.000 0.000
0.000 0.000 0.000 1.000
  Translation Matrix
1.000 0.000 0.000 -5.000
0.000 1.000 0.000 10.000
0.000 0.000 1.000 15.000
0.000 0.000 0.000 1.000
  Rotation (z) Matrix
0.707 -0.707 0.000 0.000
0.707 0.707 0.000 0.000
0.000 0.000 1.000 0.000
0.000 0.000 0.000 1.000
  Composite TRS
7.071 -7.071 0.000 -5.000
7.071 7.071 0.000 10.000
0.000 0.000 10.000 15.000
0.000 0.000 0.000 1.000
Transformed Cartesian Point is -5.000000 24.142136 25.000000 1.000000
Transformed Homogeneous Point is -5.000000 24.142136 25.000000 1.000000
  Composite SRT
7.071 -7.071 0.000 -106.066
7.071 7.071 0.000 35.355
0.000 0.000 10.000 150.000
0.000 0.000 0.000 1.000
Transformed Point is -106.066017 49.497475 160.000000 1.000000

Test Local Translate, Rotate, Scale
Should match Composite TRS Above
  After TRS: Composite matrix is
7.071 -7.071 0.000 -5.000
7.071 7.071 0.000 10.000
0.000 0.000 10.000 15.000
0.000 0.000 0.000 1.000
  New Composite TRS
10.000 0.000 0.000 -10.000
0.000 5.000 -8.660 20.000
0.000 8.660 5.000 3.000
0.000 0.000 0.000 1.000
Transformed Point is 0.000000 25.000000 11.660254 1.000000
Transformed Normal is 10.000000 0.000000 0.000000
  D = Transpose of C
10.000 0.000 0.000 0.000
0.000 5.000 8.660 0.000
0.000 -8.660 5.000 0.000
-10.000 20.000 3.000 1.000
  Transpose of C
10.000 0.000 0.000 0.000
0.000 5.000 8.660 0.000
0.000 -8.660 5.000 0.000
-10.000 20.000 3.000 1.000
  Inverse of C
0.100 0.000 0.000 0.000
0.000 0.050 -0.087 0.000
0.000 0.087 0.050 0.000
1.000 -1.260 1.582 1.000
  Matrix times its Inverse (Should be Identity Matrix)
1.000 0.000 0.000 0.000
0.000 1.000 0.000 0.000
0.000 -0.000 1.000 0.000
0.000 -0.000 0.000 1.000
Verify Set and Get Methods: Result should match rotation matrix
  Rotation matrix after Get and Set
0.707 -0.707 0.000 0.000
0.707 0.707 0.000 0.000
0.000 0.000 1.000 0.000
0.000 0.000 0.000 1.000
  Composite2:
10.000 0.000 0.000 336.603
0.000 10.000 0.000 235.476
0.000 0.000 10.000 -306.186
0.000 0.000 0.000 1.000
  Rotation about a general axis
0.854 0.146 0.500 0.000
0.146 0.854 -0.500 0.000
-0.500 0.500 0.707 0.000
0.000 0.000 0.000 1.000
Transformed Ray Origin is 3.535534 3.535534 0.000000  Ray Direction = 0.707107 0.707107 0.000000
